-0.47187364 -0.1150656 0.26431802
-1.0673137 -0.10033857 0.43209028
-0.6488171 0.22225428 -0.057154544
-0.46486253 0.36933628 0.03394766
-0.4065927 0.16111168 0.8498914
-0.44468102 -0.24094844 0.32290295
-0.0986426 -0.00031509856 0.26006126
-0.6221354 -0.11125635 0.48220176
-0.5499648 0.015902787 0.0642993
-0.4149978 0.16752782 0.7325309
-0.39464834 -0.13302985 -0.4040176
-0.5933149 0.19509076 0.46813524
-0.5532276 0.05089064 0.7398919
-0.53247744 0.19664949 0.370617
-0.06280387 0.38478953 0.17506275
-0.4777499 -0.28660902 0.3958562
-0.37582114 0.22327921 0.32103935
-0.3178557 0.11472351 0.798752
-0.36964834 0.19604945 0.67929095
-0.4603592 0.26838434 0.16627607
-0.27389354 -0.06695692 0.88923395
-0.55471426 -0.14966863 0.32813215
-0.332363 0.15594083 0.15549095
-0.9450425 -0.111748226 0.5985582
-0.082584865 0.082485974 0.11534742
-0.3737787 -0.12852836 0.90651345
-0.46160644 -0.060703658 -0.102688044
-0.2076787 0.28150046 0.32071543
-0.259511 0.011998947 0.83147997
-0.7186991 0.07081369 0.13966167
-0.7428091 -0.11168573 0.5278198
-0.4517213 0.06504181 0.23200618
0.14748164 0.19934045 0.4306474
-0.2763785 0.03326676 0.0399831
0.008278176 0.1248504 0.29164362
-0.6466938 -0.16524784 -0.03165044
-0.6069733 -0.097062 0.14228305
-0.5604242 0.16110675 0.17015089
-0.9845456 -0.005943912 0.4381596
-0.78064287 0.1584626 0.4706264
-0.71643937 0.16642365 0.52166617
-0.14963412 0.1866415 0.26992515
-0.97431546 0.058004737 0.22495797
-0.962792 0.18285318 0.35417497
-0.9673231 0.009971169 0.6559871
-0.96857685 0.10276337 0.53858227
-0.18064828 0.20901309 0.9435893
-0.08841218 -0.2747297 0.09969245
-0.18398444 -0.062684864 0.96856064
-0.510344 0.13907452 0.7342729
-0.83610743 0.08250429 0.7571338
-0.26922515 0.19880454 0.39901787
-0.31228608 -0.029601235 0.40282527
0.04530115 -0.00255865 0.3043469
-0.7140454 0.095919155 0.5459531
-0.6135044 0.134202 0.6026673
0.016621856 0.063417114 0.21432579
-0.13406947 0.41836244 0.31947967
-0.48268545 0.045894094 0.47542998
-0.31416443 0.22151859 0.7980384
-0.6085883 -0.15219265 0.5508061
-0.32292786 -0.008808731 0.776325
0.09502585 0.1731251 0.3615987
-0.27405018 0.031585354 0.27703533
-0.47240683 0.35837263 0.2449181
-0.76539993 0.12150334 0.39943632
0.05918557 -0.27997142 0.46325803
-0.99871933 0.12997632 0.62286645
-0.22114995 0.37307984 -0.03167116
-0.666038 0.097679004 -0.36563513
-0.357372 -0.12407373 0.78196806
-0.0070980918 -0.119560055 0.31496856
-0.6389131 0.15888941 0.6728525
-0.666034 -0.12790778 0.25062385
-0.4860022 -0.050457142 0.38831374
-0.85253483 0.17033479 0.58059675
-0.66619545 0.13868283 0.48174113
-0.55340093 -0.09531812 0.41340655
-0.8932272 0.06282341 0.4227439
-1.0899252 0.005698178 0.5338805
-1.0043721 -0.05230255 0.48186487
-0.28711072 -0.14069909 0.061751842
-0.15428591 -0.026689421 0.12536377
-0.7165935 0.00055594556 0.5658294
-0.77676636 0.0067289146 0.46466234
-0.8894748 0.1760084 0.41585115
-0.8271354 0.1419287 0.597973
-0.035216663 -0.24248765 0.14468895
-0.73335946 0.17906319 0.3634881
-0.20562115 -0.07569703 0.20607828
-0.18942685 -0.26490587 0.090001725
-0.24568453 -0.1115789 0.3252962
-0.7545681 -0.13023087 0.33668512
-0.3373917 0.37599805 0.6912042
-1.0682173 -0.094186544 0.5301096
-1.1168921 0.04895434 0.39396557
-0.33529276 0.31614918 0.43798655
-0.4538283 0.22503169 0.4098553
-0.4073636 0.29102933 0.6541974
-0.29297388 0.16793445 1.0862116
-0.32567748 0.27166006 0.76110137
-0.7542941 -0.12720113 0.5625569
-0.5352314 -0.12600653 0.81309026
0.023839429 -0.27501675 0.25942302
-0.41172478 0.07795965 0.83021563
-0.11954347 0.22562629 0.83622146
0.033074673 0.29511523 0.2983929
-0.0068839584 -0.068576634 0.21491146
0.0029920163 0.22275622 0.23140466
-0.40530345 0.35009065 0.7574928
-0.5724499 0.17586733 0.57350457
-1.1364447 0.03450895 0.48574588
-0.22761922 0.43656382 0.13065748
-0.072274975 -0.1042108 0.41220105
-0.30953512 -0.23880942 0.39991003
-0.08884602 0.2922285 0.24513052
-0.52123564 0.2935783 0.43204442
-0.4983124 -0.049590424 0.6200364
-0.5138542 0.15956141 0.4385499
0.10708474 -0.24675651 0.37042132
-0.87757313 -0.00688822 0.5392818
-0.066961125 0.2775422 0.113615744
-1.042312 -0.063127965 0.6069563
-1.1359423 0.13713367 0.4386826
-0.87655646 0.16026874 0.014558192
-0.25553346 -0.23691669 1.1178396
-0.27268007 -0.24571435 0.48969668
-0.2401909 0.0701676 -0.18886924
-0.5154567 -0.18194422 0.6846827
-0.7132424 0.21801533 0.27674928
-0.84348613 -0.0058214488 0.35576302
-0.34277144 0.35134155 0.34411356
-0.35981375 0.2070676 0.9154075
-0.84566313 0.18395498 0.21388613
-0.8749558 -0.018322736 -0.14194146
-1.1040977 0.1158201 0.5315676
-0.5218906 0.047607876 0.95261633
0.058955956 -0.17881303 0.24154516
-0.55378085 -0.20802973 0.17401832
-0.45652518 -0.1747508 0.48682117
-0.19448248 -0.20633548 -0.103046164
-0.18502212 0.094091244 0.19339307
-0.23403893 -0.005260043 1.1796072
-1.0500956 0.13319263 0.48286948
-0.73786676 -0.04662426 0.7938473
-0.16219419 0.20953579 -0.0399145
-0.62645614 -0.1394751 0.41599038
-0.45477968 -0.051032998 0.81286925
-0.8561729 -0.057815038 0.4210595
-0.4267246 0.17482641 -0.04675949
-0.42403796 0.2381615 0.7531739
-0.76749974 -0.00972224 0.24955674
-0.5596254 -0.22901973 0.50279415
-0.71621376 -0.09882209 0.42464712
-0.29243237 0.3591702 0.8438842
-0.26233897 -0.1995162 0.86091036
0.064336225 -0.2575879 0.36104953
-0.49791437 -0.20209478 0.45496878
-0.3491763 0.36958867 -0.29899496
-1.0504174 -0.05742107 0.29073787
-0.85156363 -0.109391175 0.15724072
-0.57363844 0.04956498 0.2778597
-0.12593979 -0.12590967 0.8546471
-1.1608561 -0.047981396 0.34867698
-0.15850484 -0.23919663 0.73479515
-0.04735101 -0.13840802 0.08951067
-0.8447075 -0.07048658 0.6359552
-0.04241328 0.26153538 0.36326227
-0.43060666 -0.14737676 0.6616235
-0.5649588 0.25021726 0.33247826
-0.11327751 -0.22707719 0.28466037
-0.38131225 -0.23295423 0.80242825
-0.57866424 0.2731534 0.17920703
-0.381148 -0.09870536 0.46361202
-0.13236019 -0.30188528 0.3791913
0.037854653 0.24076648 0.40075308
-0.5594555 -0.08279289 0.6751647
-0.2895186 -0.19730206 0.22639099
-1.1473703 0.028324917 0.06683278
-0.39182913 -0.2739588 0.4894453
-0.6886519 0.15835206 0.2610765
-0.21745752 0.2421965 0.13334846
-0.49576637 0.26103103 0.5756064
-0.90889883 -0.09805278 0.54532874
-0.60309994 0.19425736 0.38507012
-0.60052395 0.11632708 0.35237107
-0.2028573 -0.25232053 0.91721433
-0.72966653 -0.11280993 0.697602
-0.21074866 0.123054676 0.866395
-0.47950608 0.1611625 0.5592405
-0.7606596 0.055056456 0.5037349
-0.9969794 0.117742635 0.354106
-0.35742825 -0.2503978 0.9143417
-0.6989609 -0.11998685 0.5865816
-0.5252982 0.21764599 0.28542116
0.015520189 0.32576248 0.37778637
-0.9950923 0.17781183 0.534328
-0.082091086 -0.17170724 0.2052436
-0.36705467 -0.15804103 0.34435138
0.089342356 0.0005561545 0.40322638
-0.9053151 0.18058677 0.5034916
-0.15879895 -0.20179865 0.377408
-0.6014539 -0.17579845 0.28750739
-0.48865825 0.1483669 0.30722526
-0.9251896 -0.10140754 0.32661703
-0.8343882 0.12772708 0.35819954
-0.6936191 0.17432684 0.45507172
-0.30885562 -0.3030241 0.38852566
-0.3442599 -0.2324921 -0.026992185
-0.06031699 -0.310841 0.26743823
-0.5821225 -0.0201922 0.50438404
-0.087039545 0.16157165 0.19453755
-0.3707603 -0.058581278 1.0434016
-0.012037661 0.09725368 0.40500405
-0.4412422 0.35768723 0.4480211
-0.7492048 -0.059917267 0.49779308
-0.6514772 -0.06922488 0.391444
0.095053315 -0.13701428 0.36485294
-0.43366626 0.08716372 0.3738398
-0.5735152 -0.050978396 0.29276356
-0.3163222 -0.27365568 0.72951025
-0.6863648 -0.13926198 0.4974762
-0.62609434 0.026179628 0.38727352
-0.2962628 0.090794526 0.95286596
-0.515487 0.23141423 0.48230398
-0.77723444 0.15161273 0.42993572
-0.7243725 0.073384956 0.35157198
-0.16584978 0.07139333 0.3560463
-0.32800907 0.3383571 0.9632111
-0.40575716 -0.05174902 0.19316655
-0.23219152 -0.2856474 0.26659918
-0.44483247 -0.19723052 0.1694091
-1.0629503 0.02640574 0.5898396
0.15258242 -0.18539438 0.44806036
-0.71540296 0.021362497 0.6744194
-0.90573245 0.0898831 0.51618594
-0.56018806 -0.18078014 0.39645264
-0.4479088 -0.16926864 0.3966571
-1.150863 0.13154803 0.26626146
-0.85130566 -0.05625745 0.50568026
-0.39442238 -0.29828858 0.24011765
-0.1939765 0.27057213 0.76925635
-0.42338523 -0.0215663 0.32731026
-0.91221815 -0.11990505 0.49247125
-0.80739987 -0.1427552 0.42049888
-0.5001548 0.10162196 0.6511829
-0.13985673 -0.06650645 -0.0029319227
-0.34090674 0.03142543 0.9325551
-0.3370217 0.31126094 0.21992579
-0.9685149 0.17228232 0.4621783
-0.41935313 0.2602291 0.39718717
-0.66189253 0.1577798 0.37667415
0.022750385 -0.23715734 0.33654204
-0.340733 0.15517755 0.31310362
-0.19098732 0.30176824 0.44637963
-0.6871003 0.069365226 0.47066367
-0.5977558 -0.039468624 0.40388474
-0.68432766 -0.004413439 0.45922524
-0.6437855 0.007358806 0.54347384
-0.6033269 -0.07469096 0.5472484
-0.5013502 -0.05689749 0.6539062
-0.439492 -0.10956675 0.6041023
-0.39143255 -0.18784897 0.7800868
-0.29278877 -0.24603942 0.738317
-0.19334868 -0.25174356 0.8647191
-0.22734666 -0.2819759 0.66097903
-0.19121717 -0.2240599 0.8405319
-0.24206859 -0.26506126 0.73598325
-0.16823933 -0.17054829 0.7739252
-0.27915627 -0.18730365 0.5767515
-0.27357495 -0.12975317 0.784157
-0.34035012 -0.15921712 0.6643727
-0.23813933 -0.08119169 0.7153282
-0.36506987 -0.1006244 0.51979494
-0.34450042 -0.048271194 0.7801786
-0.40065575 -0.088024944 0.6559144
-0.2913745 -0.008417709 0.69867367
-0.394809 -0.013186691 0.5023654
-0.37377542 0.06309286 0.76623654
-0.38975847 0.04697877 0.63385344
-0.29553846 0.13539177 0.6804412
-0.38014418 0.103225306 0.505417
-0.41767037 0.14767659 0.70785767
-0.47991505 0.10180992 0.5841675
-0.4268763 0.1965207 0.61832047
-0.56253767 0.12203862 0.44457838
-0.57564175 0.17722292 0.52843577
-0.52234644 0.10602149 0.34241906
-0.7365386 -0.081671804 0.50351655
-0.69369555 -0.08697705 0.40140325
-0.54608655 -0.12279186 0.5426717
-0.5325502 -0.07186271 0.45771763
-0.45282364 -0.1532947 0.66461027
-0.41890633 -0.13844076 0.48384723
-0.27104172 -0.259782 0.75226176
-0.19086061 -0.29517287 0.7880065
-0.12052028 -0.3258993 0.8146816
-0.13963369 -0.28041637 0.74963754
-0.036703117 -0.27725062 0.84938943
-0.023719314 -0.23522355 0.8585202
-0.13544644 -0.2377439 0.6990758
-0.13857347 -0.1475597 0.8536235
-0.082218505 -0.12717472 0.7791239
-0.07798543 -0.06323154 0.8325569
-0.20018977 -0.11648202 0.61221707
-0.19829643 -0.019943597 0.83440053
-0.12978597 0.021963032 0.7439626
-0.1217182 0.091378756 0.8576484
-0.24884619 -0.020099385 0.5850674
-0.23659046 0.08284866 0.82340634
-0.1734761 0.12801231 0.74252117
-0.13153349 0.19567908 0.83003044
-0.24795413 0.11459671 0.5780138
-0.29527742 0.18944566 0.7692284
-0.2823326 0.20170422 0.61808795
-0.28392103 0.24472319 0.7229133
-0.38709673 0.16386454 0.469222
-0.48769617 0.23281921 0.58455956
-0.45829344 0.17972878 0.5232295
-0.44961065 0.21521538 0.5201165
-0.5715586 -0.12652501 0.3822552
-0.67171794 -0.14563008 0.5260825
-0.5763567 -0.13336243 0.6085762
-0.49959525 -0.17050067 0.5243139
-0.39325985 -0.19938654 0.5881207
-0.32810467 -0.23419702 0.6584825
-0.2141467 -0.289398 0.6887475
-0.1720405 -0.34669864 0.7357409
-0.102978796 -0.32472694 0.72045445
0.04582693 -0.3451277 0.8094835
-0.07976939 -0.3060103 0.6467736
0.052738506 -0.2838711 0.78402543
-0.022384722 -0.23470938 0.6607982
0.11736937 -0.17814508 0.8317964
-0.0898906 -0.22313617 0.49599037
0.06933321 -0.107608356 0.70350397
-0.044773564 -0.06846373 0.6194669
0.0877253 0.021669196 0.8155819
-0.11882892 -0.05066043 0.48717967
0.03761557 0.10150319 0.7341615
-0.10751124 0.08491127 0.6251328
0.03419261 0.17660134 0.8433795
-0.12049967 0.11264077 0.50159025
-0.002781503 0.2003933 0.73029065
-0.1231484 0.21206191 0.6629841
-0.0467517 0.2785786 0.79418874
-0.17180786 0.22142206 0.5596044
-0.19926387 0.2700215 0.69272137
-0.31083217 0.24797706 0.54588425
-0.3267209 0.26870033 0.6127778
-0.36003667 0.24683343 0.44395348
-0.50107247 0.24130903 0.45698097
-0.6357957 -0.19098817 0.39429417
-0.56796473 -0.16375396 0.46414912
-0.5618552 -0.19818877 0.5163438
-0.44235817 -0.1933781 0.50949836
-0.36808026 -0.19965938 0.46194497
-0.30095807 -0.25632113 0.6159359
-0.26388505 -0.2655298 0.6066818
-0.16214225 -0.35594904 0.69458145
-0.14601344 -0.34881717 0.51157725
0.02984256 -0.34977806 0.74717605
-0.14481167 -0.29638332 0.53384066
0.09431769 -0.31838518 0.6974651
-0.073600754 -0.28891754 0.39125916
0.08984344 -0.20624392 0.6594665
-0.1508678 -0.18223463 0.42001307
0.107408226 -0.10425275 0.56472975
-0.050853144 -0.10974304 0.27510852
0.07746178 0.030907923 0.6020675
-0.20535159 0.010607423 0.41573596
0.086367086 0.17249815 0.56926394
-0.07483491 0.08770196 0.27580708
0.041644562 0.23438878 0.6840519
-0.21571708 0.14223395 0.46804252
-0.020741174 0.2764767 0.6509183
-0.10616022 0.2130053 0.35658222
-0.06818242 0.32755572 0.6816499
-0.23235866 0.23108143 0.5359789
-0.18215194 0.3466347 0.6745359
-0.33753473 0.21644834 0.32976118
-0.34776962 0.34231678 0.5268743
-0.43859342 0.24382731 0.37333268
-0.4357607 0.29424462 0.5428934
-0.57879853 -0.21987222 0.47131583
-0.55046123 -0.21969128 0.5937785
-0.49599487 -0.22921462 0.66214216
-0.43792352 -0.23258896 0.57353127
-0.34725016 -0.2648509 0.624884
-0.27943888 -0.33858985 0.66213894
-0.22996749 -0.34209007 0.669049
-0.032352865 -0.37688392 0.69549286
-0.0890028 -0.36559305 0.6731714
0.09751953 -0.36484128 0.643212
-0.009269241 -0.34346598 0.63290906
0.19380397 -0.3434342 0.5347324
0.042640667 -0.29167333 0.5129112
0.17074428 -0.24148776 0.53933907
0.018318038 -0.18746328 0.52966905
0.18660101 -0.13559058 0.3965447
0.10008302 -0.064013876 0.42023155
0.18251194 0.04710204 0.45667017
0.021939676 0.10047385 0.48107758
0.17248297 0.17084943 0.3659691
0.113097906 0.23060016 0.43725854
0.13475686 0.28655747 0.5504252
-0.026241746 0.24594082 0.54734755
0.14948107 0.29940847 0.43527287
0.01796553 0.3180997 0.48807728
0.01214755 0.36105815 0.66015923
-0.12227145 0.32154134 0.62686545
-0.04932913 0.3537531 0.49086556
-0.22565602 0.36296666 0.54027104
-0.257196 0.34227753 0.4645619
-0.31808752 0.32677415 0.5507015
-0.36871684 0.3176363 0.48583904
-0.5535772 -0.2635236 0.41464242
-0.49956748 -0.21929945 0.40331653
-0.49893552 -0.2709055 0.5239736
-0.4145711 -0.25952193 0.6835747
-0.38644898 -0.276698 0.65166193
-0.26140758 -0.32174495 0.70489043
-0.15412794 -0.3631975 0.70426726
-0.072766915 -0.3947369 0.7668359
0.017008543 -0.37444457 0.61350334
0.111294955 -0.3732391 0.75970805
0.09774938 -0.35823327 0.5222933
0.17470287 -0.33148456 0.7420208
0.15692839 -0.298611 0.4274101
0.20622903 -0.25240427 0.734179
0.119835466 -0.20734803 0.35421228
0.18047914 -0.11046605 0.668356
0.13244316 -0.06168221 0.28846392
0.22981799 0.056566454 0.69357514
0.12714781 0.08195833 0.3362476
0.19346574 0.22007012 0.6511966
0.09470241 0.22368492 0.2833208
0.17630434 0.29961482 0.6939796
0.06378895 0.2677009 0.38832775
0.10805836 0.34753385 0.7150694
0.019103546 0.3332108 0.35109365
0.008879259 0.3412318 0.77437085
-0.12526457 0.31965375 0.5351948
-0.109126344 0.35036585 0.8191714
-0.22942941 0.33085895 0.37145987
-0.24095112 0.33102018 0.6713662
-0.37667662 0.3347699 0.4061791
-0.3711775 0.322464 0.6687337
-0.5064468 -0.2756046 0.47772348
-0.49738866 -0.2884295 0.6094416
-0.41894096 -0.26447886 0.81772697
-0.4235988 -0.3245193 0.67425007
-0.3529499 -0.30658746 0.75634056
-0.27899128 -0.3471768 0.7032287
-0.17633922 -0.35698527 0.7958089
-0.046286296 -0.37488556 0.75768363
0.056979243 -0.37249413 0.76877743
0.19074625 -0.33671755 0.7225107
0.21924873 -0.35799336 0.69135946
0.2505017 -0.30870694 0.6485261
0.26407555 -0.3017053 0.63562226
0.2773345 -0.24218835 0.59138507
0.25711456 -0.19593756 0.6236095
0.25252578 -0.12123197 0.5314496
0.25268427 -0.039385676 0.60077494
0.24782714 0.06635082 0.5675466
0.24517918 0.15372127 0.5778816
0.2543285 0.22920574 0.5479842
0.22084025 0.27551302 0.5632282
0.22934413 0.31047532 0.5782161
0.1845182 0.32952577 0.5913682
0.197155 0.37738916 0.6190991
0.113085076 0.37280464 0.5769899
0.09872566 0.38711196 0.70218927
-0.016053453 0.38589722 0.65718377
-0.050892305 0.3689252 0.7642746
-0.17249216 0.35207132 0.64982283
-0.16428293 0.34386003 0.54467547
-0.30377552 0.3600219 0.59350216
-0.32242006 0.30990678 0.7618787
-0.53050655 -0.31658632 0.330966
-0.4297186 -0.26294407 0.3598586
-0.47821826 -0.3283901 0.6093596
-0.40141112 -0.3061276 0.64990497
-0.41896388 -0.33019763 0.5761602
-0.28415564 -0.31422022 0.77858746
-0.18025453 -0.35548118 0.7324041
-0.014643463 -0.33536026 0.8121479
0.09420958 -0.3500234 0.67140937
0.1681433 -0.34063387 0.79765046
0.23826829 -0.31415105 0.6042032
0.2761851 -0.3034045 0.70254827
0.25517905 -0.28760463 0.5177313
0.29273653 -0.2264353 0.66758275
0.26775575 -0.18139975 0.50510454
0.29716435 -0.09322561 0.6269854
0.22031032 -0.03197436 0.4553079
0.2791537 0.05478268 0.62890935
0.2278659 0.12758806 0.46492496
0.27475727 0.22827584 0.6057987
0.20476602 0.25740075 0.45035097
0.23754808 0.31307048 0.64133364
0.19696613 0.326284 0.4851099
0.18426588 0.3616778 0.67232156
0.14583413 0.37738407 0.5208498
0.054134335 0.37844098 0.7692629
0.02058784 0.3808101 0.5902951
-0.071598396 0.36461782 0.65357244
-0.13196507 0.38809893 0.5047254
-0.2592831 0.40386555 0.5633466
-0.3640712 0.3790267 0.52773684
-0.3539132 0.37482566 0.6405727
-0.5238813 -0.34740332 0.48509806
-0.45360926 -0.3311237 0.55496854
-0.4432856 -0.32336092 0.7642764
-0.41021246 -0.36594707 0.63262534
-0.37109748 -0.3431854 0.666558
-0.27391076 -0.35719106 0.6907592
-0.1473855 -0.3395369 0.79228705
-0.0027952679 -0.34237626 0.739897
0.13330553 -0.34023535 0.734687
0.20848839 -0.3292516 0.7128376
0.24569315 -0.31356212 0.6990241
0.29550081 -0.28857404 0.6795433
0.29296938 -0.2723348 0.71316683
0.31623054 -0.21320304 0.69375813
0.34204322 -0.15020233 0.721119
0.3232937 -0.10951423 0.67739993
0.32504743 -0.032368116 0.661191
0.3246671 0.05156613 0.6628579
0.32903308 0.16616185 0.6856786
0.2910927 0.21411298 0.6553228
0.2727144 0.2747569 0.6316132
0.27700007 0.33340317 0.64607847
0.27778783 0.38048747 0.6252578
0.22089247 0.3845966 0.665438
0.19639918 0.39281556 0.617849
0.11900762 0.40821105 0.67986095
0.05816238 0.39582798 0.66712314
0.01824307 0.410427 0.69435483
-0.08040181 0.3862242 0.6583938
-0.1672594 0.40265703 0.59185857
-0.2577961 0.38274878 0.703158
-0.29664993 0.35611188 0.7616765
-0.4105245 -0.32910913 0.3861581
-0.3900909 -0.33020073 0.48783144
-0.46001554 -0.36267322 0.39158425
-0.34852338 -0.37366283 0.7484331
-0.43163502 -0.34872288 0.5090735
-0.28836253 -0.2841763 0.89494497
-0.18703568 -0.32057828 0.7102146
0.020712953 -0.3063958 0.8006242
0.13150208 -0.3205496 0.6732898
0.22131515 -0.28998715 0.7301712
0.23631358 -0.2904058 0.6426313
0.28248277 -0.27525428 0.7530389
0.2927054 -0.2610674 0.6062197
0.33490884 -0.1966521 0.725772
0.28953832 -0.15558572 0.6153602
0.3070662 -0.087071255 0.7241864
0.29341972 -0.022815403 0.5850258
0.32134092 0.079717934 0.699085
0.27149865 0.12421795 0.59508264
0.2909565 0.19258092 0.6849172
0.25601727 0.2577668 0.5749912
0.29191187 0.332991 0.70119035
0.24041319 0.35020983 0.59946156
0.18678427 0.34995377 0.7454299
0.19877154 0.37569746 0.5743588
0.10039987 0.38453382 0.77150726
0.09300485 0.37838668 0.6062439
-0.014946872 0.3908247 0.76868933
-0.037260987 0.3528961 0.31265518
-0.23399755 0.41930446 0.6875601
-0.33003587 0.41500774 0.40111876
-0.28776222 0.37898934 0.87203
-0.274414 -0.3245305 0.5165895
-0.32015222 -0.35145575 0.51322806
-0.3531466 -0.3310822 0.84836495
-0.3251011 -0.37751973 0.5659281
-0.33749706 -0.35244074 0.65994084
-0.23103175 -0.3553687 0.74252284
-0.10532835 -0.30523357 0.85998917
0.08896485 -0.30862954 0.77682555
0.15783335 -0.29261518 0.7480124
0.23532498 -0.27337533 0.744655
0.22803658 -0.26755273 0.72243357
0.28518358 -0.23850006 0.76013494
0.30883932 -0.21574877 0.78099155
0.3332938 -0.16220446 0.80386317
0.3001749 -0.12608483 0.777974
0.34279966 -0.05794011 0.79796517
0.33949348 0.007994685 0.75914705
0.32445848 0.102675974 0.7830651
0.31417692 0.17090438 0.75294673
0.30736548 0.2417591 0.7730337
0.3084631 0.28536332 0.7353189
0.2974367 0.35813066 0.7413628
0.27628118 0.3934356 0.71139807
0.22591463 0.38533944 0.7613385
0.25581437 0.40573674 0.6929933
0.15244222 0.3966598 0.70377266
0.11237076 0.38502976 0.68762326
-0.012226006 0.40360466 0.6572577
-0.042364266 0.37222725 0.47952846
-0.23624666 0.44787553 0.40115333
-0.19596279 0.37669346 0.4864425
-0.21035226 0.39341533 0.7561676
-0.16463742 -0.31966066 0.2846722
-0.20485269 -0.319754 0.40605232
-0.28683645 -0.36342943 0.3917958
-0.24947834 -0.36940688 0.576476
-0.35464826 -0.36886448 0.2193622
-0.23248807 -0.30629882 0.7412336
-0.16324323 -0.29791385 0.6723573
-0.024270877 -0.3033243 0.70131373
0.13505237 -0.31797668 0.64666605
0.16286336 -0.30023792 0.70761275
0.15420763 -0.24328344 0.70804477
0.099199906 -0.20758517 0.7741252
0.15861648 -0.18612307 0.6995542
0.23893714 -0.20479746 0.79689264
0.16332477 -0.13074178 0.70384717
0.1336263 -0.013662873 0.792644
0.18944669 0.020565623 0.7023244
0.25465134 0.05494979 0.8133348
0.16133311 0.1359789 0.72411263
0.119467095 0.2579213 0.8173358
0.16982564 0.26737887 0.69929576
0.228481 0.28241843 0.8022447
0.1586827 0.33969614 0.7618126
0.055221964 0.3741896 0.76647407
0.17702544 0.38864514 0.6329864
0.15744995 0.38465524 0.75703335
0.08632229 0.3919434 0.62507015
-0.018044174 0.43197325 0.3605989
0.050210398 0.35536587 0.2488993
-0.23041734 0.44611603 0.24124536
-0.11962131 0.40471858 0.2522229
-0.26740286 0.41569406 0.5717472
-0.095814094 -0.34343362 0.42628807
-0.08789657 -0.3309599 0.5034292
-0.2161858 -0.3694555 0.45966303
-0.15432572 -0.37215045 0.5608625
-0.20730099 -0.35392416 0.64214385
-0.13230771 -0.33508843 0.66691685
-0.039014574 -0.31393656 0.6457324
-0.060933687 -0.307186 0.73679996
-0.032484394 -0.2780012 0.72281027
-0.023307148 -0.25145173 0.75135577
0.13849485 -0.24574895 0.7111589
0.02994955 -0.19955672 0.7942707
-0.059887502 -0.16302265 0.7994977
0.04210492 -0.10149403 0.7868441
0.20579782 -0.0686928 0.76705253
0.07220192 0.009267272 0.84707344
-0.033597462 0.07140651 0.812099
0.06151041 0.1460615 0.7701067
0.21105757 0.20049532 0.78884387
0.054017033 0.25404844 0.8454494
-0.08244673 0.26958326 0.8291912
0.053651746 0.31651407 0.7963193
0.119982705 0.36033207 0.763203
0.05110975 0.37938192 0.79372054
-0.071970105 0.3654071 0.7878816
0.02961272 0.3893667 0.7279339
0.074229926 0.3899033 0.67008775
-0.029557109 0.4067639 0.52874994
-0.13106099 0.4282384 0.47980708
-0.17109445 0.41193992 0.5999106
-0.08685511 0.38326526 0.5842551
-0.11963545 0.3778286 0.68836105
0.00041962415 -0.31701076 0.28228876
-0.008766103 -0.31992757 0.39809978
-0.111093625 -0.3598134 0.17520066
-0.104937375 -0.36489207 0.578789
-0.13790835 -0.35607505 0.39483592
-0.0858448 -0.3305685 0.67644215
-0.19271883 -0.31646734 0.7599138
0.033473596 -0.31176397 0.6831515
0.061021615 -0.29600698 0.6822263
0.024621893 -0.26114085 0.7612871
-0.24146664 -0.23397304 0.7926791
0.0998036 -0.21876995 0.7944485
0.13224986 -0.16617711 0.77410924
0.048229586 -0.11164494 0.8666564
-0.12992193 -0.07044724 0.7657414
0.14287533 -0.012738081 0.8694376
0.15936533 0.09003566 0.83999753
0.048407633 0.17179386 0.8966214
-0.14051253 0.18350032 0.7998275
0.1315184 0.24120504 0.87332606
0.15091518 0.2806431 0.84730935
-0.019026656 0.31073743 0.8677621
-0.1864062 0.3163919 0.8503256
0.028176341 0.36025816 0.83836186
0.11457701 0.37976515 0.726025
-0.0031298622 0.3901391 0.7717948
-0.14845023 0.3738373 0.76352704
-0.011757154 0.38877988 0.66622555
0.0756796 0.36317748 0.34952572
-0.06569648 0.41720802 0.6261279
0.030104388 0.3781682 0.5151346
-0.05764365 0.39338166 0.74712116
0.012151923 -0.33204982 0.5173037
0.031862903 -0.33075207 0.41241762
-0.07072118 -0.35062984 0.66668177
-0.07918888 -0.3622911 0.49096727
-0.024890013 -0.3370263 0.52283454
-0.02580543 -0.33190387 0.60005254
-0.17553988 -0.30996883 0.8640032
-0.03502952 -0.32817006 0.7732034
0.10551116 -0.27954274 0.69220483
0.16366318 -0.28105608 0.6890335
-0.29290682 -0.22753687 0.91875684
-0.065696925 -0.20981798 0.8492999
0.16181315 -0.15202819 0.81811655
0.19754146 -0.13266045 0.7912337
-0.19094425 -0.041747928 0.8876305
-0.01971541 0.011661978 0.90914243
0.16127059 0.1166036 0.9052951
0.20731068 0.18788837 0.8182372
-0.20740768 0.21890548 0.93458307
-0.042117 0.2482685 0.9269313
0.08234392 0.3008281 0.8654963
0.17987624 0.3396909 0.7704857
-0.30881065 0.33468157 0.94061804
-0.07471719 0.36938417 0.9531512
0.08341926 0.35763526 0.77180254
0.11377299 0.3667428 0.6565027
-0.27677804 0.38665092 0.7966408
-0.05382576 0.38970637 0.6838154
0.05261213 0.40147772 0.52212095
0.09297833 0.38491327 0.3973417
-0.0292104 0.39102507 0.670345
0.029874675 0.36091238 0.70685214
0.07782385 -0.34051436 0.31444612
0.07644437 -0.32013702 0.49536452
0.09535888 -0.35608065 0.33613846
0.06040817 -0.35683912 0.48177132
-0.021720912 -0.35347426 0.33150378
0.0068133716 -0.31450617 0.6628883
0.17313915 -0.30273166 0.45536432
0.13997984 -0.3116873 0.63240546
-0.14049318 -0.2953053 0.80140233
-0.020228803 -0.2658462 0.81754506
0.21611412 -0.24690716 0.5741047
0.19725806 -0.20302548 0.73428345
-0.1530969 -0.17326592 0.8695121
-0.02400477 -0.09050425 0.90708196
0.25054476 -0.034174815 0.731508
0.19898471 0.04571701 0.843177
-0.113316774 0.1276544 0.9108994
-0.020236276 0.19477718 0.9621305
0.25627148 0.2623557 0.8163297
0.1993829 0.30981097 0.7892648
-0.16150194 0.31149685 0.93220544
-0.08213808 0.33169731 0.9168712
0.16074137 0.3435824 0.7609321
0.12679182 0.35656744 0.75309944
-0.13798775 0.35363528 0.815578
-0.0641939 0.3911035 0.7560583
0.036923453 0.34556115 0.6419636
0.042351503 0.4257765 0.1150885
0.038552742 0.3638475 0.5819257
-0.0006453134 0.4137496 0.34342533
0.11244318 0.36867076 0.5672146
0.059923533 0.3776144 0.5716195
0.077497736 -0.3447594 0.57895434
0.08526744 -0.34818208 0.6332844
0.068846464 -0.3552524 0.5854566
0.14682835 -0.33525622 0.6219559
-0.013573714 -0.34633332 0.7339015
0.013214707 -0.31406718 0.79244936
0.1511592 -0.31169122 0.650404
0.23630005 -0.281984 0.6407062
-0.16671729 -0.2939815 0.9045856
-0.091049165 -0.23918991 1.0088168
0.24465048 -0.23309754 0.71850157
0.2603844 -0.18224223 0.68894184
-0.20412198 -0.18194306 0.98550403
-0.040885422 -0.054616146 1.0582265
0.23173356 -0.024584282 0.82023656
0.25256294 0.08525248 0.81329346
-0.14901838 0.118961096 1.0611775
-0.035213992 0.23567903 1.0844799
0.2101223 0.26490688 0.8829927
0.27728575 0.33913696 0.7487353
-0.19812927 0.31951848 1.065923
0.020964704 0.34706098 1.0239549
0.1965988 0.34475556 0.83678436
0.23860252 0.37264323 0.7083465
-0.17859733 0.37255162 0.9245535
-0.0020236 0.36371067 0.8753822
0.118477404 0.39555526 0.63911796
0.15269081 0.39604092 0.3492667
-0.005355129 0.39003316 0.6568606
0.02008047 0.3824428 0.6940781
0.13382399 0.38486123 0.603309
0.110112414 0.33857232 0.67090386
0.12982607 -0.3263777 0.5026288
0.14298391 -0.3265875 0.63344276
0.15874356 -0.35298976 0.5157646
0.108768955 -0.3326109 0.66091424
0.084222466 -0.3362433 0.6933098
0.08665793 -0.30052793 0.7217188
0.059737455 -0.3187353 0.7770479
0.053175952 -0.29144385 0.8050273
-0.0024547689 -0.29936498 0.9129271
0.21179312 -0.2669293 0.72959954
0.054149542 -0.2211535 0.8406491
0.020917628 -0.17236418 0.8801328
-0.001253482 -0.17158519 0.99971116
0.25315484 -0.10281219 0.7877455
0.07737377 -0.0025650356 0.94883215
0.09669815 0.10187931 0.95765615
0.05102745 0.10446293 1.0653318
0.24981797 0.18419929 0.8403463
0.06115439 0.25039873 0.96213067
0.003391482 0.29755217 1.03539
0.04219811 0.32540876 0.93176824
0.24401939 0.33673292 0.7730049
0.021459285 0.34865227 0.87810814
0.100340754 0.3572724 0.86417586
0.046764243 0.3361288 0.86401874
0.2070054 0.363707 0.66604453
0.061634246 0.35181588 0.8029126
0.09331258 0.3810299 0.7564268
0.15022214 0.36026773 0.66652036
0.17715293 0.39760745 0.517391
0.11975846 0.35716417 0.70088494
0.14354922 0.3568756 0.74025434
0.17909157 -0.3226015 0.61974716
0.17665938 -0.31886286 0.6671071
0.16489844 -0.33585995 0.7047234
0.23834747 -0.33508033 0.66310275
0.19495492 -0.32615554 0.7290126
0.1355916 -0.30633038 0.7574578
0.11936346 -0.3220244 0.8396041
0.29949358 -0.30698323 0.67266726
0.23769927 -0.2734502 0.87614596
0.11022852 -0.25518534 0.87757766
0.10531679 -0.23337254 0.97502625
0.34237498 -0.18854208 0.75165945
0.26895893 -0.12812616 0.9898996
0.13979849 -0.06786476 0.949281
0.13940558 -0.024644205 1.0807594
0.35829657 0.07773954 0.8651317
0.2900409 0.1431581 1.0524609
0.16494493 0.21941225 1.1047354
0.12500156 0.22437383 0.9792607
0.3649149 0.31517223 0.7872385
0.28031647 0.3524593 0.9574409
0.14271285 0.34453565 0.9110249
0.093218 0.3557883 0.93918896
0.35141662 0.3647079 0.75643325
0.28223085 0.35682052 0.86137974
0.15094607 0.36693674 0.93733895
0.15306778 0.35139266 0.83434606
0.27615774 0.3718369 0.59137774
0.2040948 0.36770424 0.71948636
0.16850622 0.36804122 0.7294282
0.19221106 0.3497587 0.7147718
0.20402995 0.34418267 0.69661826
0.19356923 -0.30752248 0.54311556
0.22734931 -0.3140826 0.6763465
0.20002095 -0.33032537 0.6399369
0.17318559 -0.30651182 0.69498324
0.16940884 -0.31857598 0.7321522
0.23366821 -0.31182778 0.7394911
0.15850236 -0.3169366 0.76815736
0.12078014 -0.29233736 0.8205698
0.17907736 -0.28699425 0.8147882
0.30285618 -0.24684927 0.8063214
0.17792517 -0.23412026 0.8710909
0.12079702 -0.17699812 0.899014
0.20758337 -0.12819813 0.90331185
0.32787466 -0.062083423 0.9069979
0.2081156 -0.01324779 0.94843435
0.19222805 0.0751959 0.9787761
0.20702395 0.1586185 0.97078276
0.33421898 0.20894864 0.99266285
0.20089841 0.2600168 0.9460964
0.18278554 0.31315032 1.0025923
0.21165627 0.32400602 0.9338561
0.33405 0.34146827 0.885746
0.18496782 0.3205253 0.8969891
0.22985336 0.3684432 0.9107324
0.23254424 0.34716514 0.8549411
0.29983175 0.35730097 0.80506974
0.20593055 0.32304698 0.8112086
0.20970085 0.36514062 0.7924603
0.24787503 0.35581708 0.64785796
0.2444962 0.369142 0.7034694
0.22785637 0.35105228 0.6190667
0.21329746 0.33339268 0.7828246
0.24506319 -0.33627075 0.66465783
0.25412557 -0.31679296 0.68643796
0.22087115 -0.34402066 0.6895036
0.25836784 -0.32152057 0.71043146
0.28156656 -0.33315897 0.744346
0.21976703 -0.29161805 0.73066473
0.23833424 -0.31656486 0.79026306
0.23135987 -0.31154862 0.768358
0.30590236 -0.2978487 0.7815571
0.22749317 -0.2531487 0.80015063
0.2757893 -0.223933 0.91304046
0.25780788 -0.17495136 0.878588
0.35071748 -0.14817904 0.8865291
0.27984884 -0.05317834 0.89417416
0.33772415 0.0055295583 0.9771547
0.2765152 0.06389592 1.0015527
0.35574594 0.11629066 0.92911255
0.28049114 0.2011619 0.9477105
0.32952905 0.27698606 0.9584111
0.26094204 0.279149 1.0501208
0.3703883 0.31323618 0.9026966
0.27489147 0.31718025 0.89441895
0.31002682 0.33541387 0.8836605
0.28313345 0.32890198 0.97211075
0.36187732 0.33887774 0.8392212
0.25242114 0.33644855 0.83239025
0.29207033 0.3329557 0.79692453
0.27492058 0.3466642 0.84055376
0.33901912 0.35897118 0.76174027
0.24470997 0.31590202 0.79768205
0.24164546 0.32489333 0.84607166
0.24587643 0.29427317 0.77981716
0.23852745 -0.33043987 0.5756223
0.25673908 -0.2818548 0.7060976
0.29657438 -0.33971646 0.61038136
0.26834613 -0.28513664 0.71970177
0.27965695 -0.33401686 0.6932395
0.29507762 -0.278254 0.73666245
0.30698207 -0.3075915 0.73817647
0.28542787 -0.28134206 0.77759016
0.33681482 -0.31085664 0.755531
0.33100796 -0.24864532 0.7594017
0.33803076 -0.23530203 0.8209655
0.30049038 -0.1599921 0.8428
0.3599578 -0.1332108 0.83105546
0.37173316 -0.053313218 0.8507976
0.37902868 0.002092054 0.90230095
0.32398707 0.06977904 0.9256152
0.38620567 0.13240425 0.89110637
0.40055573 0.18871717 0.91796154
0.3975948 0.25872415 0.916885
0.3265581 0.2959261 0.9456843
0.38877615 0.31586248 0.8931975
0.39634347 0.35062963 0.88894475
0.38327795 0.3507412 0.8619256
0.3293121 0.33925617 0.8859608
0.367688 0.32860208 0.8547454
0.34018576 0.34305632 0.83372796
0.3400892 0.34049428 0.82665783
0.29973727 0.344909 0.80760515
0.3157771 0.30263546 0.82615113
0.2681768 0.32309544 0.7676865
0.27577627 0.30927086 0.74771285
0.2523812 0.30690783 0.82101995
0.26566905 -0.3040499 0.62730396
0.27595398 -0.28734607 0.64580655
0.29664838 -0.32216328 0.6687074
0.292175 -0.31310683 0.71316725
0.33282202 -0.32671186 0.70339787
0.3130399 -0.2697615 0.71518815
0.28750074 -0.28570125 0.74590874
0.3107666 -0.27413797 0.7457911
0.3531574 -0.28355902 0.7229755
0.3552311 -0.21486397 0.7266785
0.33048737 -0.21724066 0.7765325
0.34556866 -0.14562185 0.7839302
0.36067238 -0.09862613 0.7894656
0.37208453 -0.019842463 0.7592674
0.371226 0.0007394813 0.8439441
0.3701656 0.06515101 0.84272844
0.3923911 0.11964715 0.863889
0.38859057 0.17371957 0.838763
0.38663912 0.23225826 0.91204387
0.36569792 0.24988379 0.8535054
0.4061463 0.3067499 0.8407532
0.36412388 0.30204526 0.7687079
0.35624555 0.2994814 0.88270134
0.34491253 0.30278182 0.8465133
0.40501177 0.32789832 0.77798164
0.34399974 0.31502408 0.7690555
0.30871361 0.33574837 0.8256667
0.31397045 0.33942702 0.8149054
0.32978594 0.33658236 0.7552805
0.31210932 0.3227508 0.7630696
0.28348374 0.30612275 0.80398226
0.26700252 0.24063043 0.7928047
0.16233414 -0.25478658 0.37228495
0.2468383 -0.276424 0.61805606
0.25322807 -0.28416947 0.5362984
0.284648 -0.2997503 0.69778913
0.20599061 -0.3139453 0.4374278
0.32031184 -0.28389746 0.6708031
0.24356362 -0.2179396 0.52523226
0.30594987 -0.2583636 0.6973729
0.30383685 -0.27317363 0.6026578
0.34000963 -0.2276947 0.654883
0.2929886 -0.18291947 0.5989766
0.33559698 -0.15241827 0.7114493
0.23158908 -0.10263715 0.50865054
0.3139309 -0.04756073 0.66319907
0.19642377 0.016559971 0.45169184
0.3449844 0.040168777 0.75500804
0.29558885 0.0722788 0.6366379
0.3597336 0.15716822 0.7537035
0.30600914 0.21928169 0.6453377
0.34684452 0.24262507 0.7848216
0.2523732 0.23139364 0.53848886
0.33666486 0.29821375 0.69509834
0.1873123 0.28757364 0.41286206
0.32047644 0.26149553 0.79921484
0.27293098 0.2588501 0.6449569
0.3563827 0.322426 0.70452416
0.26729685 0.33219087 0.5655378
0.30838746 0.3132813 0.7798102
0.20825039 0.28546435 0.47245064
0.28883684 0.32944217 0.6798799
0.23759845 0.3080249 0.6251768
0.21675867 0.26432922 0.64111865
