-0.5899099 -0.10192305 -0.6396376
-0.9207072 -0.16601098 -0.19645558
-0.7965751 0.23327276 -0.81275296
-0.6888085 0.4570309 -0.81016
-0.6662731 0.2724128 0.5992964
-0.50142485 -0.2620377 -0.4347607
-0.39186946 -0.033753436 -0.7191124
-0.6674435 -0.2081883 -0.26031768
-0.6691337 -0.04910857 -0.8252156
-0.7048512 0.32804164 0.49474645
-0.45464152 -0.14179626 -0.73971987
-0.8932644 0.5749625 -0.28231332
-0.643504 0.15757655 0.65443665
-0.7954116 0.37508816 -0.62923557
-0.4179868 0.61936736 -0.7469815
-0.53748167 -0.39472336 -0.10746713
-0.6156223 0.3465088 -0.7962512
-0.5985753 0.24319457 0.61502886
-0.6859204 0.3887684 0.43029833
-0.6614062 0.29344025 -0.8903546
-0.42027706 -0.048033435 0.78571457
-0.60650086 -0.17991179 -0.556612
-0.569277 0.13912603 -0.9058938
-0.83710253 -0.07351002 0.37680155
-0.38600248 0.02083771 -0.88110614
-0.41121292 -0.14096248 0.84448075
-0.56896544 -0.055909105 -0.8745958
-0.5055634 0.36883023 -0.7512417
-0.4912258 0.09036513 0.7257382
-0.8201481 -0.017642723 -0.74287844
-0.7652241 -0.3026337 -0.005431629
-0.6355228 0.03711325 -0.86377335
-0.33623347 0.3625124 -0.5705174
-0.4820744 -0.025930434 -0.8782858
-0.3695303 0.12269529 -0.7155414
-0.6607162 -0.17687948 -0.58386254
-0.65050733 -0.13299972 -0.7419986
-0.7811129 0.09127448 -0.8586333
-0.95505875 -0.10832606 -0.16946778
-0.9595091 0.34892157 0.008653043
-0.87084913 0.44569016 0.12188131
-0.4323912 0.16016673 -0.7598111
-0.9212957 -0.033672858 -0.4848553
-0.98297685 0.18826234 -0.48628834
-0.893795 0.07024509 0.2903804
-0.9251713 0.13909864 0.13093029
-0.5240255 0.29475707 0.65370405
-0.3257522 -0.39194223 -0.16445407
-0.36125502 -0.012894934 0.9107136
-0.7305071 0.25731358 0.51338947
-0.78319156 0.18374923 0.4621535
-0.51373905 0.21207976 -0.68969226
-0.49262595 0.0053305435 -0.5749523
-0.30287048 -0.0148309525 -0.6749982
-0.84122646 0.17200834 0.36132184
-0.7988137 0.26818612 0.4053632
-0.30019912 0.009699785 -0.7754588
-0.41855642 0.75852895 -0.7106009
-0.6231304 0.041749578 -0.5710504
-0.5619992 0.41234076 0.45081615
-0.67857164 -0.41110325 0.20851865
-0.59662104 0.08188343 0.6754952
-0.37442976 0.2679721 -0.6753015
-0.5267344 0.008946178 -0.76587623
-0.7303533 0.58303535 -0.7181378
-0.92666155 0.10673522 -0.5405038
-0.19473632 -0.42896202 -0.083918706
-0.8885378 0.14851795 0.229683
-0.49107233 0.54678166 -0.8346752
-0.72664607 0.0016068374 -0.84605294
-0.49827844 -0.07485302 0.7090494
-0.34361634 -0.07898502 -0.6065467
-0.80406475 0.35174257 0.37965888
-0.7151541 -0.14326957 -0.62181973
-0.57804215 -0.066245005 -0.55555207
-0.87748134 0.31939772 0.2141906
-0.93678296 0.17402428 -0.4172985
-0.6514687 -0.13925035 -0.46165666
-0.93611103 0.025589712 -0.28974813
-0.982257 0.008613108 -0.036039595
-0.96352625 -0.09145351 -0.05699828
-0.45967314 -0.082969494 -0.8007497
-0.34646758 -0.0801272 -0.8073927
-0.8216753 0.059590865 0.370747
-0.79042274 -0.027004153 -0.34323892
-0.980694 0.1238011 -0.303513
-0.87031007 0.24425972 0.28044748
-0.31185225 -0.18990782 -0.62842226
-0.9303508 0.39983472 -0.5426737
-0.4961526 -0.09407483 -0.72255486
-0.3503894 -0.26186514 -0.4929784
-0.43212056 -0.068530895 -0.60606855
-0.775687 -0.18112686 -0.44918385
-0.64762974 0.6096346 0.06474013
-0.9371345 -0.17112635 0.0036679693
-0.9913492 -0.04417246 -0.28067306
-0.59838927 0.61499137 -0.68846095
-0.7597078 0.5453587 -0.59665334
-0.7387626 0.5707251 0.10038017
-0.42874512 0.21604125 0.7973486
-0.65442425 0.48621413 0.27196917
-0.66168326 -0.24586934 0.5835527
-0.53291774 -0.17154272 0.7596185
-0.30603194 -0.2925276 -0.40901828
-0.5648923 0.22084072 0.6973552
-0.5206481 0.36349782 0.5533019
-0.38590586 0.50855047 -0.68447924
-0.2763497 -0.09107065 -0.70098996
-0.41563198 0.28990456 -0.7739037
-0.66444314 0.5332425 0.18483743
-0.77910507 0.4849096 0.21389534
-1.0009127 -0.023794273 -0.15876192
-0.5216336 0.68748933 -0.7640562
-0.36701268 -0.0841022 -0.51182455
-0.42759618 -0.25739425 -0.3617329
-0.4448384 0.43208444 -0.80372816
-0.8330056 0.6472588 -0.53122205
-0.7006018 -0.030141572 0.5524593
-0.66643286 0.25962633 -0.7163332
-0.25842336 -0.3777076 -0.21961854
-0.8707567 -0.009785681 0.2649548
-0.4600874 0.30867788 -0.88183224
-0.9471294 -0.06679483 0.08097468
-0.9964084 0.07456775 -0.18976188
-0.8837558 0.06341215 -0.74260676
-0.36166823 -0.15807778 1.0279186
-0.38633165 -0.34095553 -0.21328549
-0.51293594 -0.004279579 -0.97468746
-0.5446848 -0.29821524 0.6844235
-0.8935415 0.293746 -0.5581202
-0.87057453 -0.091811545 -0.39819586
-0.58029425 0.5176643 -0.77963924
-0.59488016 0.3320357 0.561711
-0.9254294 0.2655836 -0.64120644
-0.7733477 -0.07004418 -0.71548706
-0.96653223 0.11784298 0.032178897
-0.49483088 0.13462438 0.794131
-0.27325934 -0.17503776 -0.5651742
-0.6466068 -0.23366192 -0.45949787
-0.48396248 -0.3236331 -0.1911712
-0.34736377 -0.17850909 -0.7057276
-0.43389153 0.012613721 -0.8082998
-0.39317623 0.06291394 0.90742016
-0.9827355 0.099482805 -0.078170806
-0.7219936 0.059030034 0.56379366
-0.4850887 0.12796062 -0.96839666
-0.6886755 -0.32375476 -0.10087171
-0.5250485 0.020291405 0.762422
-0.84368634 -0.13055134 -0.3398132
-0.64461625 0.09041331 -0.95982695
-0.6831964 0.443242 0.3405388
-0.8286919 -0.10511383 -0.6316385
-0.6061005 -0.36564267 -0.03835179
-0.73808205 -0.1694318 -0.33486968
-0.5755195 0.46610573 0.34004357
-0.41501918 -0.21741524 0.79407245
-0.15735613 -0.50537574 0.06349602
-0.6094398 -0.3219022 -0.19525452
-0.53538597 0.27936736 -0.94286543
-0.9459909 -0.09388089 -0.4250654
-0.8372934 -0.13873483 -0.50908107
-0.6786526 0.01800936 -0.7327415
-0.3749973 -0.21410096 0.8826233
-0.95520407 -0.1274389 -0.2795785
-0.37615243 -0.40470657 0.8127647
-0.28503054 -0.1280961 -0.7952533
-0.79496837 -0.015754761 0.46616498
-0.40478766 0.39235348 -0.67471594
-0.56782115 -0.17620508 0.65965605
-0.8618615 0.510917 -0.59270597
-0.4243168 -0.19035898 -0.5544036
-0.45818102 -0.33496267 0.7494588
-0.83920366 0.41265061 -0.70242214
-0.54064006 -0.15929961 -0.4216566
-0.33094713 -0.43813655 -0.052772842
-0.3335981 0.49977347 -0.58945125
-0.6168421 -0.034487825 0.6664898
-0.48300698 -0.16922502 -0.6324553
-0.91378486 -0.03035455 -0.6059749
-0.46638113 -0.43125376 -0.021204524
-0.860537 0.19743669 -0.73789054
-0.49733055 0.21206757 -0.84773797
-0.7616277 0.61574394 -0.03652343
-0.8957622 -0.24273331 0.09675499
-0.90356183 0.4072356 -0.4535997
-0.7647727 0.10917625 -0.75267935
-0.35005298 -0.41402256 0.94335777
-0.6912089 -0.13199344 0.58104867
-0.4549816 0.22573783 0.73517513
-0.78820586 0.40327334 0.3145593
-0.92522776 0.0072877654 0.06975585
-0.9794464 0.04507192 -0.37962592
-0.4052967 -0.3208376 0.8676841
-0.75957584 -0.12664245 0.4653295
-0.75056005 0.3189287 -0.74453616
-0.37284905 0.62510407 -0.6435656
-0.93442047 0.22699058 0.10693245
-0.39883748 -0.12818834 -0.6940404
-0.5016317 -0.10887914 -0.5189809
-0.3304862 0.025907861 -0.55388665
-0.9766441 0.19886729 -0.07501742
-0.42038417 -0.20626946 -0.47138047
-0.69324344 -0.2876689 -0.24401492
-0.6847318 0.18208754 -0.8307925
-0.79337305 -0.2091653 -0.2961967
-0.94214803 0.122842714 -0.6407485
-0.91443616 0.5167519 -0.43089038
-0.4128974 -0.39161065 -0.14460784
-0.4890557 -0.177318 -0.48347756
-0.21861461 -0.4506598 -0.054547623
-0.63063586 -0.025768157 -0.4549373
-0.43169975 0.11569599 -0.8539785
-0.41993922 -0.02583136 0.8576742
-0.36625677 0.11059414 -0.59897363
-0.6970475 0.71760094 -0.6165935
-0.7934844 -0.14974822 -0.18740623
-0.71578074 -0.100519285 -0.5300397
-0.28160432 -0.15300548 -0.4594949
-0.6032931 0.093923606 -0.65502226
-0.6594904 -0.047905616 -0.684318
-0.39351398 -0.46693736 0.82545143
-0.7075907 -0.26629826 -0.11374189
-0.76681 -0.03643252 -0.5731131
-0.5424599 0.17597605 0.74598634
-0.83221996 0.6880234 -0.39270684
-0.97027975 0.29559192 -0.4149533
-0.82932353 0.038841363 -0.63887227
-0.45794567 0.06936121 -0.6773163
-0.583437 0.38069788 0.50983685
-0.575216 -0.08083475 -0.78755134
-0.35304114 -0.33249936 -0.31165043
-0.54699636 -0.1562143 -0.6893002
-0.93865913 0.043670457 0.16499895
-0.24827592 -0.2840382 -0.27683303
-0.7672994 0.096041575 0.47362542
-0.91467434 0.024223229 -0.123707555
-0.6491931 -0.24730095 -0.35794476
-0.5531391 -0.2776677 -0.3086835
-0.9850818 0.03962434 -0.49340338
-0.89998394 -0.16411509 -0.11220455
-0.48624474 -0.3292548 -0.3059456
-0.55738515 0.5200319 0.23625965
-0.5602569 -0.014527064 -0.6751296
-0.84540826 -0.24744347 -0.06751928
-0.77940637 -0.258128 -0.18520877
-0.70271283 0.18160649 0.552098
-0.37467352 -0.094260685 -0.8884308
-0.43277368 0.08083735 0.82617277
-0.5407166 0.39230102 -0.8898574
-0.99004924 0.24792005 -0.2861554
-0.65998745 0.44165945 -0.6930874
-0.8210321 0.20550157 -0.61037934
-0.28206605 -0.23481365 -0.37803563
-0.5556188 0.1231091 -0.7950465
-0.4989687 0.5150982 -0.7115338
-0.8151359 0.08762641 -0.46010387
