-0.42332453 -0.065458134 -0.1633291
-1.0224848 -0.060847845 0.21650068
-0.5380934 0.08596414 -0.082511395
-0.39838 0.17392068 -0.13496625
-0.6004878 0.0917737 0.4313023
-0.42710686 -0.146568 -0.13655302
-0.19660877 0.027794467 -0.24067755
-0.63765717 -0.093549766 0.05910355
-0.44284475 0.032179035 -0.16078734
-0.578636 0.07606449 0.36777592
-0.2908151 -0.04657658 -0.44385028
-0.74703074 0.16280806 0.29034194
-0.83707386 0.021257047 0.43955398
-0.5493933 0.13430598 0.03766001
-0.16702184 0.29913875 -0.17736323
-0.5108892 -0.18262249 -0.029806986
-0.36703622 0.15662341 -0.109732695
-0.4475196 0.010335712 0.3849926
-0.50518465 0.123429626 0.3539529
-0.39672434 0.13224109 -0.14627343
-0.45354134 -0.036425103 0.42766163
-0.5542548 -0.11007069 -0.072973035
-0.31576118 0.10358031 -0.21258803
-1.0138685 -0.07750217 0.4239547
-0.15365607 0.071027294 -0.294596
-0.5776588 -0.057934895 0.43094066
-0.3482686 -0.017563226 -0.26586694
-0.27413 0.19984275 -0.17135185
-0.37637484 -0.030708637 0.36036026
-0.57778966 0.031651154 -0.056661226
-0.8318075 -0.12018325 0.21321057
-0.3802069 0.05390107 -0.17770779
-0.076165326 0.17500311 -0.06710551
-0.3048965 0.044786304 -0.30630955
-0.14361914 0.11246106 -0.2124841
-0.49915197 -0.09545754 -0.13732925
-0.49799487 -0.02510484 -0.1382411
-0.47078818 0.09235727 -0.10015064
-0.97027314 0.0076445546 0.23387557
-0.9510361 0.14001967 0.33300215
-0.8399904 0.12533149 0.38606393
-0.24262685 0.14136286 -0.20256482
-0.876951 0.03409619 0.14658733
-0.9177867 0.107115746 0.17898047
-1.0823798 0.019611444 0.49911183
-1.0677603 0.0406672 0.41146836
-0.26033607 0.089759484 0.37891316
-0.16645001 -0.24546996 -0.22863919
-0.3166583 -0.018693421 0.36199468
-0.70405275 0.07728555 0.45138788
-0.9846994 0.03580198 0.55833894
-0.28666395 0.13160142 -0.12988798
-0.32882145 -0.010613574 -0.14645286
-0.10039858 0.0033309157 -0.20140943
-0.9671447 0.05324943 0.43938294
-0.8582571 0.073313415 0.43328387
-0.114473954 0.07763108 -0.24400245
-0.218811 0.29163036 -0.11013594
-0.4867721 0.0031832717 -0.037801508
-0.33106717 0.112113066 0.34980062
-0.73622733 -0.14605814 0.20696244
-0.5494878 0.0065455204 0.39017838
-0.08441788 0.11932063 -0.14353247
-0.31599686 0.026043408 -0.23603663
-0.4764877 0.18021609 -0.059944212
-0.74250287 0.07206607 0.12155332
-0.15269575 -0.24188961 -0.08896513
-1.0708385 0.053003136 0.44636545
-0.19277659 0.27824724 -0.2572545
-0.4212585 0.042764056 -0.2370198
-0.5357009 -0.06650136 0.38724998
-0.14443856 -0.071205914 -0.21628377
-0.8212867 0.07948182 0.4872366
-0.61478114 -0.07327885 -0.06967717
-0.45109057 -0.048923723 -0.09460916
-0.91622835 0.10417737 0.4314116
-0.7726503 0.1057661 0.17598191
-0.54063475 -0.087496236 -0.018103087
-0.84677964 0.02649229 0.20437537
-1.1160302 0.005657112 0.36416653
-1.0517875 -0.0022250004 0.29918516
-0.28056833 -0.07552989 -0.28325057
-0.21924207 0.017838541 -0.2926879
-0.99900955 -0.007898137 0.4399229
-0.74217355 -0.024001107 0.15012206
-0.9145124 0.114767835 0.25150278
-0.99816036 0.07204007 0.48166487
-0.16091403 -0.14694053 -0.26655984
-0.79800147 0.13174002 0.18252414
-0.26252615 -0.030794658 -0.25098854
-0.23357564 -0.19335768 -0.25120944
-0.29425108 -0.0770965 -0.20667769
-0.75349 -0.104014814 0.065306306
-0.35161218 0.2052564 0.29839975
-1.0776553 -0.057009906 0.2992367
-1.017392 0.035846196 0.25458738
-0.3659748 0.23126858 -0.05671959
-0.56220645 0.19529715 0.09366707
-0.47416112 0.19741812 0.29165685
-0.45631012 0.09467293 0.39976743
-0.394346 0.15230921 0.3409002
-0.8362197 -0.10618682 0.39538765
-0.73948777 -0.05942291 0.4572298
-0.122725956 -0.21075328 -0.19639519
-0.627777 0.031418085 0.40873387
-0.21124367 0.121385954 0.32292435
-0.10817125 0.24444236 -0.17073913
-0.14730057 -0.016684743 -0.25671458
-0.11827409 0.17237847 -0.19247511
-0.48345065 0.14949125 0.38593823
-0.7404203 0.120444536 0.41488028
-1.1474417 0.023318654 0.31568325
-0.25120184 0.2759091 -0.18752144
-0.18514465 -0.057637386 -0.16035129
-0.31774154 -0.17936666 -0.1533213
-0.21473451 0.22369502 -0.21403126
-0.6355612 0.16972804 0.18323617
-0.7431976 -0.019144293 0.39933035
-0.50462663 0.08472426 -0.020675482
-0.09501243 -0.22533034 -0.13269143
-1.0624313 -0.014411164 0.45351762
-0.13636851 0.20673877 -0.25161076
-1.0932791 -0.049029812 0.38847965
-1.0834143 0.07754711 0.27909157
-0.66911167 0.07909162 0.04259221
-0.3263042 -0.10186191 0.37746722
-0.32749346 -0.186552 -0.07693986
-0.22035088 0.080387734 -0.37721264
-0.7185269 -0.10290404 0.4053941
-0.7087743 0.1325451 0.094422676
-0.7957576 -0.0050377827 0.101433136
-0.33411092 0.22832882 -0.12698439
-0.45116216 0.10747045 0.35126883
-0.79974437 0.0854513 0.12093009
-0.67724174 0.011364685 -0.056261957
-1.1120026 0.06696861 0.3799924
-0.7630232 0.025232162 0.4779966
-0.11447262 -0.1294208 -0.20115219
-0.4988644 -0.15405823 -0.06022441
-0.46213195 -0.15040037 -0.010702725
-0.22005813 -0.129224 -0.33253413
-0.26320475 0.09231053 -0.27025327
-0.368452 0.0032935806 0.4827209
-1.0688709 0.09642412 0.3454704
-0.89313227 -0.011320674 0.5457505
-0.17457171 0.15004194 -0.31599128
-0.68539643 -0.11509006 0.097339734
-0.6832307 -0.006747675 0.43709573
-0.8781609 -0.037560105 0.1227812
-0.35574794 0.12899862 -0.25535518
-0.58651954 0.13705768 0.37589204
-0.7459068 -0.0048346967 0.029945515
-0.6338989 -0.15653871 0.08177715
-0.7328116 -0.06298226 0.08457487
-0.2858366 0.2046916 0.32663855
-0.40398553 -0.1008208 0.3766563
-0.1118103 -0.28624016 -0.13540775
-0.5656008 -0.15584716 0.022627044
-0.2377928 0.22455826 -0.31235683
-0.976785 -0.030426249 0.17043099
-0.80039513 -0.053707436 0.060612462
-0.50390565 0.04593032 -0.072627395
-0.23287101 -0.07540831 0.35472295
-1.114015 -0.0061046323 0.21590355
-0.19659166 -0.1945122 0.27005666
-0.13778755 -0.07712684 -0.28477708
-1.0053178 -0.04058906 0.5088191
-0.18367039 0.19302319 -0.14298913
-0.6221888 -0.08411622 0.41412383
-0.64390165 0.13946609 0.11140029
-0.23384225 -0.15159844 -0.2238119
-0.4862139 -0.13710614 0.3239565
-0.5901712 0.14123663 0.027250212
-0.38707665 -0.098102935 -0.0825935
-0.24145454 -0.23755871 -0.1302635
-0.12626423 0.213113 -0.115371235
-0.7958562 -0.03354606 0.4465657
-0.31613624 -0.1400919 -0.23517857
-0.9303614 0.015445284 0.08699717
-0.390602 -0.20680304 -0.09505396
-0.6301742 0.105478935 0.02810124
-0.28509358 0.16651586 -0.24900284
-0.64210856 0.14465377 0.34462872
-0.9888525 -0.08395731 0.3171091
-0.7359064 0.16659492 0.17707863
-0.5798677 0.061401576 -0.006036371
-0.24416853 -0.17367187 0.3401319
-0.86001265 -0.06591539 0.47736415
-0.2685333 0.022873968 0.36320853
-0.69464743 0.09448416 0.41299528
-0.938773 0.07044486 0.30751947
-0.90917826 0.063709244 0.21769439
-0.47112694 -0.10563876 0.39072627
-0.9431549 -0.07220621 0.44404444
-0.52176785 0.13701947 -0.030581795
-0.14827695 0.27213606 -0.09848878
-1.0084447 0.09445092 0.4206467
-0.21722938 -0.09627026 -0.26358554
-0.35798666 -0.11140305 -0.1648331
-0.09004085 0.018196622 -0.10944246
-1.0113312 0.10520157 0.3670595
-0.24895467 -0.16237512 -0.14779486
-0.65612036 -0.105965786 0.035175707
-0.43630838 0.10683576 -0.07391989
-0.898963 -0.084480815 0.15435302
-0.77824193 0.05573897 0.08911476
-0.8369262 0.13390806 0.2726234
-0.30781353 -0.23780651 -0.14572142
-0.28725028 -0.18177938 -0.27447078
-0.18382737 -0.27451533 -0.17875062
-0.59459513 -0.029040918 0.024084471
-0.19046699 0.13745375 -0.25814053
-0.6200859 0.001024412 0.4906265
-0.15889573 0.078825384 -0.15485074
-0.48320416 0.18532178 0.02280363
-0.8212893 -0.075116314 0.15112983
-0.67290795 -0.063822635 0.00088130403
-0.0882303 -0.08766358 -0.12894927
-0.39671302 0.044671293 -0.106485315
-0.5383572 -0.029596973 -0.067131475
-0.3248852 -0.16083343 0.33198214
-0.7550962 -0.13302934 0.14488453
-0.6223718 0.0071629416 -0.020129917
-0.37210783 0.044583734 0.3803173
-0.5766513 0.17557737 0.27196106
-0.85614216 0.095560744 0.19890203
-0.68372 0.04340326 0.047828794
-0.26351362 0.050500996 -0.19301058
-0.35409907 0.14453746 0.3744717
-0.36023167 -0.037881732 -0.21913487
-0.26902744 -0.22213456 -0.20112395
-0.37983975 -0.11593984 -0.22771378
-1.1380541 0.012106253 0.44102183
-0.09644326 -0.16280693 -0.09672135
-0.93642515 0.0112812165 0.4828329
-1.0169371 0.066408314 0.29614085
-0.6119116 -0.11420934 0.01500819
-0.44306844 -0.15586126 -0.07264074
-1.0090389 0.044354796 0.20441104
-0.93554604 -0.035355136 0.23860317
-0.37418216 -0.19385964 -0.16668934
-0.23293877 0.17792542 0.30299997
-0.39219832 -0.011069393 -0.16268805
-0.9431639 -0.09085915 0.2370627
-0.82379097 -0.12138412 0.14405383
-0.78162247 0.064463794 0.40953827
-0.17768171 -0.016765479 -0.33787447
-0.53316593 0.05136947 0.42066294
-0.31744474 0.2019139 -0.19465253
-0.9866742 0.1080147 0.27819258
-0.42145047 0.17013128 -0.044738702
-0.65029186 0.09747102 0.090681605
-0.15595867 -0.18025653 -0.17854223
-0.32907885 0.10307178 -0.15434259
-0.28258362 0.22620523 -0.11334105
-0.6645027 0.016268257 0.07640042
