-0.69798213 -0.03089185 -0.19146308
-1.1817584 -0.13358526 0.05114994
-0.8310601 0.2370424 0.008837171
-0.63013935 0.5124522 -0.009713963
-0.7698337 0.23015904 0.7180838
-0.679885 -0.15309076 -0.1761029
-0.30801895 0.06986793 -0.28648832
-0.8980158 -0.17235596 0.083261095
-0.71397334 0.059746865 -0.16890393
-0.7786063 0.2861586 0.63504976
-0.43089142 -0.07357061 -0.26897687
-0.9441439 0.553037 0.41681966
-0.87511563 0.017361064 0.78941566
-0.7981636 0.3709608 0.13503201
-0.28152865 0.37802234 -0.091079146
-0.812875 -0.3054809 -0.062345892
-0.56752753 0.2621859 -0.055134654
-0.66264373 0.07045149 0.60911375
-0.6951404 0.30654818 0.56803536
-0.62176806 0.2507236 -0.13037537
-0.6683538 -0.091012 0.7175675
-0.8412153 -0.09884179 -0.104157425
-0.47638696 0.18427667 -0.21330394
-0.9720708 -0.25620148 0.56962675
-0.20471081 0.09689393 -0.36088496
-0.7792221 -0.14164773 0.7715945
-0.5399903 0.037900444 -0.2638941
-0.37847903 0.2710538 -0.1413211
-0.5391415 -0.05232449 0.6135731
-0.8984284 0.12827086 -0.09490422
-1.0897514 -0.33186752 0.12995276
-0.61468357 0.1412936 -0.17801055
-0.11605751 0.16990285 -0.12843601
-0.4602673 0.098097354 -0.30559355
-0.17825699 0.16654332 -0.2966884
-0.79600805 -0.11221968 -0.117049515
-0.80043215 -0.012199134 -0.181379
-0.7224659 0.18370499 -0.09778613
-1.1434036 0.034265965 0.10742505
-1.0485946 0.43726766 0.37697318
-0.9292808 0.46186838 0.5403293
-0.33974278 0.19486944 -0.19836605
-1.1500771 0.12823594 0.050138332
-1.1242179 0.3037519 0.16141503
-0.93371487 0.018508773 0.5586233
-1.0336653 0.21832377 0.36907393
-0.4338895 0.16558026 0.5638298
-0.28846338 -0.24487679 -0.33633262
-0.4075051 -0.05158154 0.6216427
-0.85578626 0.19785485 0.710341
-0.8841103 0.14636062 0.7136132
-0.44114253 0.20002197 -0.11807865
-0.5178362 0.052223876 -0.15988667
-0.14125587 0.04794379 -0.30074355
-0.91947293 0.12420553 0.62166363
-0.89179736 0.2294479 0.62772286
-0.14562637 0.14061338 -0.32364643
-0.29631877 0.49725232 0.022169344
-0.77110374 0.06493424 -0.04402085
-0.5136349 0.23654556 0.5338358
-1.0175134 -0.35661483 0.16395259
-0.7418435 -0.026651194 0.7348247
-0.093493976 0.13636293 -0.25794148
-0.5021599 0.098995306 -0.2561915
-0.7043923 0.55625963 0.13230522
-1.0195827 0.20988901 0.13258846
-0.3001061 -0.21188214 -0.18680486
-0.9641165 0.18092033 0.49734378
-0.25266325 0.36376825 -0.15533501
-0.67502564 0.08466674 -0.0801633
-0.72515935 -0.1375098 0.7125232
-0.23329669 -0.024928447 -0.30423155
-0.884618 0.3045857 0.66508037
-0.931944 -0.042835053 -0.09067897
-0.7304476 -0.041559838 -0.08709778
-0.9424805 0.37234598 0.5791422
-0.94807833 0.31463656 0.18140818
-0.8212213 -0.14235185 -0.027363732
-1.0918539 0.12892823 0.08957836
-1.1039733 0.02485098 0.23751421
-1.1648204 -0.06552282 0.14570211
-0.47326177 -0.021564065 -0.31294674
-0.35597545 0.03733804 -0.36246607
-0.91259056 -0.014639003 0.6828021
-1.0207515 0.02367108 0.09612683
-1.1283661 0.3172467 0.23458135
-0.9509766 0.27040538 0.6013093
-0.23200718 -0.10483411 -0.39220563
-1.0298815 0.41599277 0.21032485
-0.4152698 0.024651393 -0.28462362
-0.38058737 -0.16710621 -0.33863875
-0.47598124 -0.031188874 -0.22229716
-1.0471613 -0.127884 -0.018950123
-0.50497377 0.6500169 0.5559224
-1.1339432 -0.20128523 0.19276369
-1.1896969 0.105692066 0.08881171
-0.54152614 0.41569388 0.060057286
-0.81376904 0.42445076 0.2167628
-0.711248 0.56088597 0.549719
-0.66993785 0.13832137 0.7196309
-0.6320809 0.4092429 0.56180215
-0.90648115 -0.3376276 0.62654895
-0.8131582 -0.1853607 0.79149747
-0.21145101 -0.18117887 -0.3538604
-0.8022622 0.10530668 0.6974328
-0.26469368 0.1624775 0.45855215
-0.16343734 0.29689738 -0.19467305
-0.19837989 0.031349845 -0.34830624
-0.14321694 0.21770816 -0.25672448
-0.68864256 0.6255618 0.6787672
-0.8596778 0.4731414 0.6216719
-1.1470225 0.07741066 0.17865475
-0.3791423 0.5413556 -0.07081882
-0.30821282 -0.01853063 -0.22070122
-0.5312843 -0.17675537 -0.1857184
-0.28073323 0.26254192 -0.21752547
-0.8972673 0.66767687 0.33637267
-0.8760002 -0.10629142 0.723472
-0.76735604 0.20592088 -0.0022340375
-0.16466644 -0.21278673 -0.2699067
-0.9771744 -0.13174526 0.4875352
-0.17185557 0.26568004 -0.2820211
-1.1096615 -0.11450097 0.2251969
-1.1451529 0.23944433 0.18321483
-1.049518 0.15442596 -0.015985802
-0.53601456 -0.14935288 0.67185366
-0.54753125 -0.23464501 -0.082382806
-0.31763697 0.11048331 -0.33119106
-0.87210417 -0.29535288 0.69008094
-0.9581327 0.3020954 0.12199066
-1.0807738 0.020669065 0.0246481
-0.52228284 0.36758465 -0.05449314
-0.6544098 0.2121478 0.6082905
-1.0470332 0.2942497 0.11412339
-0.97133625 0.028280148 -0.051058218
-1.0967623 0.17281486 0.28478613
-0.81608987 0.036878847 0.8298591
-0.17258132 -0.07698139 -0.3197844
-0.78482383 -0.19848548 -0.09696126
-0.7317063 -0.24854088 0.019151669
-0.30213046 -0.078317225 -0.39068684
-0.36044788 0.13858284 -0.2801859
-0.54933155 -0.051157393 0.73594683
-1.1152064 0.26059762 0.26132715
-0.866305 -0.0764644 0.771046
-0.24383199 0.1869777 -0.3380952
-1.0077623 -0.30291948 0.062250156
-0.84073377 -0.09058424 0.8089563
-1.1028286 -0.06822055 0.057184875
-0.54495937 0.17465995 -0.1999276
-0.7585608 0.46985674 0.7115606
-1.0557812 0.05987028 -0.021984402
-0.92092854 -0.28006703 0.05136747
-0.98641956 -0.13404822 0.032488406
-0.40891084 0.5093677 0.5654407
-0.6149366 -0.15531157 0.65403855
-0.21779478 -0.29347664 -0.31136262
-0.8420444 -0.23824993 0.007117657
-0.34269103 0.33393028 -0.14381868
-1.2004306 0.005924646 0.0075371936
-1.1210595 -0.059959456 -0.014193244
-0.7975605 0.13296065 -0.09539041
-0.2897277 -0.11343036 0.5587073
-1.1788467 -0.023465961 0.0914779
-0.34783456 -0.21988294 0.46853596
-0.19329736 -0.022051018 -0.4065369
-0.91847134 -0.14142206 0.6599483
-0.2884003 0.24633554 -0.1440069
-0.8308488 -0.23581637 0.6970185
-0.94320476 0.55491495 0.23842826
-0.412112 -0.113672785 -0.29330552
-0.68510723 -0.24533649 0.63959706
-0.88852316 0.48653463 0.10578567
-0.64655757 -0.12392903 -0.06283776
-0.42287937 -0.25226265 -0.1784266
-0.14628178 0.28436273 -0.14718905
-0.88162106 -0.14603145 0.77617544
-0.5172964 -0.120381005 -0.27372807
-1.1480802 0.08278357 -0.0024353787
-0.6489542 -0.28548437 -0.097549364
-0.9420535 0.23873322 0.02033256
-0.4119671 0.22263774 -0.2122164
-0.82377684 0.6352074 0.63007855
-1.1169508 -0.2887183 0.23602636
-0.97172314 0.40681046 0.2786856
-0.867126 0.18467654 -0.021085821
-0.40510458 -0.19411843 0.59158206
-0.8731071 -0.2278732 0.74544495
-0.3617989 0.02874068 0.5209706
-0.8615758 0.35658288 0.60198617
-1.0379554 0.11044937 0.19596969
-1.1806383 0.1978593 0.12380861
-0.728214 -0.2230246 0.702009
-0.9135319 -0.23286074 0.6766548
-0.76215726 0.2988016 0.030030126
-0.17147735 0.3792184 -0.071292974
-0.9934853 0.32145882 0.49119243
-0.35843277 -0.042923346 -0.34075078
-0.5702919 -0.07504266 -0.15353408
-0.15306383 0.07914647 -0.19502588
-1.0675054 0.33058512 0.3280116
-0.42861417 -0.14148809 -0.18407741
-0.98362535 -0.2496468 0.006472569
-0.6970044 0.23824622 -0.04985734
-1.1239094 -0.1918912 0.037583444
-1.0799874 0.22642358 0.08142898
-0.9999151 0.50744474 0.33559242
-0.5081117 -0.28094825 -0.20132285
-0.49971443 -0.18586656 -0.23028308
-0.35694727 -0.27564582 -0.28376427
-0.878798 -0.023982923 0.012110615
-0.28922555 0.1908764 -0.28673193
-0.77055025 -0.091673404 0.82246363
-0.2360318 0.14689343 -0.23858665
-0.6928752 0.63205075 0.27768898
-1.0399603 -0.10435388 0.11333984
-0.9628374 -0.04416687 -0.01262887
-0.1458732 -0.025832558 -0.23781735
-0.6291901 0.15139042 -0.087546505
-0.85824555 0.027882416 -0.10221387
-0.59595233 -0.235565 0.5818331
-1.0050105 -0.22982633 0.093308136
-0.935527 0.086796634 -0.0065074614
-0.5743784 0.080677725 0.61201173
-0.8744965 0.6364878 0.47936827
-1.0515085 0.33756387 0.18352984
-0.9982722 0.16009197 0.013005002
-0.39379948 0.10643059 -0.21595097
-0.5558364 0.4716159 0.7141699
-0.5903408 -0.012238577 -0.23958732
-0.42583698 -0.23621222 -0.25984827
-0.6242648 -0.102234155 -0.23631552
-1.0258663 0.025481896 0.3649861
-0.18022406 -0.12869415 -0.22301722
-0.9071392 0.034819804 0.7439208
-1.1561893 0.16753882 0.18348506
-0.90498245 -0.1732769 -0.04083007
-0.70913017 -0.20569617 -0.08806725
-1.1585845 0.20142643 0.058717653
-1.1664715 -0.14014128 0.12452941
-0.634001 -0.24150454 -0.1840719
-0.3463312 0.37069055 0.44333416
-0.6219778 0.045940958 -0.16982463
-1.1577852 -0.24763626 0.1319821
-1.0716503 -0.21308145 0.07182835
-0.85970324 0.07262028 0.7266309
-0.27754208 0.009516535 -0.4229979
-0.73832726 -0.0010033316 0.7548669
-0.48344436 0.2892866 -0.13201858
-1.0867045 0.38112715 0.29462916
-0.66250426 0.30132577 0.03965785
-0.88674325 0.25471666 0.092678666
-0.2900764 -0.14178641 -0.28286895
-0.5244111 0.19378087 -0.14818965
-0.4292484 0.31545094 -0.058805678
-0.93024313 0.14628229 0.06986593
